7.956981496284543098e-01 0.000000000000000000e+00 4.041270384586875819e-02 7.912717605954069832e-06 5.892382540144999736e-02 5.333232280023644280e-04 4.647293059141479471e-02 5.278165596098609996e-02 5.169498626217535961e-03 4.482219747339535853e-50 4.761057480814075986e-204
0.000000000000000000e+00 7.652972087729897899e-01 5.313178871052330306e-04 0.000000000000000000e+00 5.930390646121445905e-95 9.096740423461691029e-44 1.946733089649848453e-02 6.057876088652626272e-03 5.172176824814527646e-02 0.000000000000000000e+00 1.569244981066085787e-01
2.041468582607315618e-02 2.698586176397223431e-04 7.648233636322014917e-01 2.725861743030169208e-05 1.547283336367541728e-01 6.936853699366340411e-264 3.330484346106189018e-101 4.946129001769228707e-04 1.513884241137277743e-02 4.365527744456293435e-02 4.477669137887011690e-04
7.250797117178438625e-03 0.000000000000000000e+00 4.944690562906179504e-02 9.433022972537596917e-01 4.663471908394119256e-194 0.000000000000000000e+00 0.000000000000000000e+00 0.000000000000000000e+00 0.000000000000000000e+00 1.092524598258373853e-34 0.000000000000000000e+00
4.829580936432873936e-03 4.887186120090078162e-96 2.510519335371822619e-02 4.171265109953662305e-198 8.542259896547692577e-01 8.947820292339719048e-04 1.495167423378474317e-02 5.387346071923750264e-03 8.477786849013641685e-03 8.612764687108011297e-02 4.350455228301724629e-14
3.320108201947913579e-05 5.693831394730767254e-45 8.548688279801076873e-265 0.000000000000000000e+00 6.796111211279817722e-04 8.284662526102849478e-01 6.498355816121181849e-03 1.777647099643537935e-64 1.162737540953840199e-05 4.548128956771290581e-04 1.638561390993598654e-01
5.220649228435009573e-03 2.198811132395755551e-03 7.406398210878750197e-102 0.000000000000000000e+00 2.049253878492349884e-02 1.172644046848262712e-02 9.080070233767700838e-01 1.903637372691929786e-02 1.861649249829742830e-51 2.486437285155266783e-02 8.453790430521204713e-03
8.804704156802085208e-03 1.016036252981512150e-03 1.633324223926431072e-04 0.000000000000000000e+00 1.096448193743938641e-02 4.763383703882560488e-64 2.826776840922330322e-02 8.332629091532054444e-01 4.194254878480546678e-02 5.261632702072450984e-04 7.505205561294299443e-02
6.021806615458045846e-04 6.057714569632687875e-03 3.490971119532142262e-03 0.000000000000000000e+00 1.204876014095150605e-02 2.175696616477377550e-05 1.930419898778728765e-51 2.928879080596515430e-02 8.748387113059881148e-01 7.413596552373339288e-04 7.290975477498241875e-02
5.045971041994635113e-51 0.000000000000000000e+00 9.728896191065919061e-03 1.342217034691753572e-38 1.182975298892265520e-01 8.224748765956244436e-04 2.491751133904975338e-02 3.550915853176768466e-04 7.164768739711470423e-04 8.451620192447732993e-01 1.899149170697949032e-45
1.773793288827388006e-205 5.878241072014645310e-03 3.302378056869979014e-05 0.000000000000000000e+00 1.977496718897345615e-14 9.806195824063318467e-02 2.803668135885097057e-03 1.676217683048718612e-02 2.331883448964382211e-02 6.285025609029127252e-46 8.531420974507475385e-01
