5.936614749475040975e-01 0.000000000000000000e+00 8.936215175343489962e-112 2.073500430364465861e-288 7.539207534897696128e-02 3.144712458314306153e-02 1.827670157718221935e-03 7.133945228005257599e-02 1.940101599313074077e-01 2.090230615067783991e-205 3.232204275129771376e-02
0.000000000000000000e+00 8.914149721199700060e-01 1.037347130808042028e-01 1.785157047207888746e-03 0.000000000000000000e+00 1.442728095014036431e-295 0.000000000000000000e+00 1.955729551448166092e-14 6.061203025094299372e-288 3.065157751998482359e-03 1.453577682063816843e-278
2.727079058186817519e-113 2.258853904559692433e-05 5.965093014893021461e-01 2.491665104462616881e-02 1.283257457069859957e-83 1.536397072516619237e-34 3.735764250309313094e-192 9.812252634908560343e-55 2.782622745290019733e-128 3.636115307722654899e-01 1.493992815476061567e-02
1.050433275797448753e-289 6.452985542058042671e-07 4.136279717133548028e-02 6.780754103294213131e-01 1.533835130271941731e-02 7.609441330886747290e-02 9.462435035434550203e-04 5.753551955475720570e-02 4.246431914389595455e-03 1.012083469260471463e-01 2.519184069036461276e-02
1.002732141270580921e-04 0.000000000000000000e+00 5.592795289583514660e-85 4.026925330475375465e-04 7.882985164318209170e-01 2.280487388054682624e-02 8.521629890653309447e-02 1.709828272582526471e-03 9.730666161451302643e-02 9.937149766323631343e-08 4.160755775331326407e-03
1.498871810000281673e-04 4.906682558341760942e-300 2.399622418822451601e-35 7.159323426097668856e-03 8.172444649004115269e-02 8.043146671916995283e-01 1.194387791185759119e-67 2.941661358716787453e-02 1.014519448642612655e-02 1.933173399845417029e-02 4.775813363911354109e-02
3.181454675674096310e-06 0.000000000000000000e+00 2.130900988255893739e-193 3.251370713307182969e-05 1.115299096647971305e-01 4.362040813373292323e-68 8.032212583235839309e-01 2.143317595247902670e-03 8.109153942094293743e-02 8.774147820039290314e-04 1.100865051615405226e-03
2.811034623141514207e-04 5.498764807327580895e-19 1.266954547917176579e-55 4.475155414521756955e-03 5.065585857897610643e-03 2.431899085098070817e-02 4.851712230146272044e-03 9.162396333958120476e-01 7.802927736092010074e-05 4.468978951096652663e-02 7.784042746968295151e-21
3.941601655601026355e-04 8.786724538090816146e-293 1.852501114941729064e-129 1.702974253338753786e-04 1.486385957367765409e-01 4.324392291543070754e-03 9.464460941104578529e-02 4.023179583987966890e-05 7.215567824573589917e-01 1.172993631795916008e-04 3.011363135336213304e-02
3.173016596734408604e-208 3.320097918880263534e-08 1.808721394048912537e-02 3.032704736730023557e-03 1.134176741849136969e-07 6.156946777949720215e-03 7.651651231280675799e-04 1.721670445169410507e-02 8.764467513194728536e-05 9.451427025939007631e-01 9.510771082322930919e-03
1.174572598619676481e-04 3.769113652715892043e-283 1.779038976187275909e-03 1.807076860412873019e-03 1.136826142125240205e-02 3.641202738400387690e-02 2.298196874256692394e-03 7.178766918368515025e-21 5.386366944015259089e-02 2.276767346196270636e-02 8.695865983219096540e-01
