8.775807312140954108e-01 6.335174040548838259e-02 0.000000000000000000e+00 8.129389645376700860e-05 0.000000000000000000e+00 0.000000000000000000e+00 2.339651822716641658e-04 0.000000000000000000e+00 0.000000000000000000e+00 5.795709161119279307e-02 7.951776904979542719e-04
6.410470663749162634e-02 8.976861378384519696e-01 0.000000000000000000e+00 2.254222576502752391e-03 0.000000000000000000e+00 0.000000000000000000e+00 3.775626901440962374e-04 0.000000000000000000e+00 0.000000000000000000e+00 3.557737025740940334e-02 8.814908522543453140e-180
0.000000000000000000e+00 0.000000000000000000e+00 9.391083842360425926e-01 0.000000000000000000e+00 0.000000000000000000e+00 0.000000000000000000e+00 0.000000000000000000e+00 6.089161576395743514e-02 5.933255611520992511e-169 0.000000000000000000e+00 0.000000000000000000e+00
1.248197671933212402e-04 3.420509937919148993e-03 0.000000000000000000e+00 9.869139565791332780e-01 9.389274522668191250e-03 0.000000000000000000e+00 1.941057755524754975e-05 0.000000000000000000e+00 0.000000000000000000e+00 1.320286155308428386e-04 0.000000000000000000e+00
0.000000000000000000e+00 0.000000000000000000e+00 0.000000000000000000e+00 4.045495890298269649e-03 9.588829737375933471e-01 0.000000000000000000e+00 2.424921489492870910e-02 0.000000000000000000e+00 0.000000000000000000e+00 1.282231547717970106e-02 0.000000000000000000e+00
0.000000000000000000e+00 0.000000000000000000e+00 0.000000000000000000e+00 0.000000000000000000e+00 0.000000000000000000e+00 8.508762348808983633e-01 1.824545314499846638e-02 1.588488098149139097e-208 5.276443735499454502e-02 2.273872060509663298e-02 5.537515401401200965e-02
1.344193074264545173e-06 2.143720328056309857e-06 0.000000000000000000e+00 7.263123866501367998e-08 2.105925231037552778e-04 4.728911642848845215e-02 8.843337504036036245e-01 1.751784274279165289e-04 4.074121105234672531e-03 1.512017690075087920e-02 4.879350366674979622e-02
0.000000000000000000e+00 0.000000000000000000e+00 5.572601271629284286e-02 0.000000000000000000e+00 0.000000000000000000e+00 3.939746458875258372e-208 1.676325635086928841e-04 8.698588233400031955e-01 7.424753138019514476e-02 5.769898633981980498e-228 0.000000000000000000e+00
0.000000000000000000e+00 0.000000000000000000e+00 4.170308426922176089e-169 0.000000000000000000e+00 0.000000000000000000e+00 1.005079154243229134e-01 2.994238175010432990e-03 5.702386686984397407e-02 8.283367765396538740e-01 1.113720299116880731e-02 1.022491325961328155e-151
3.092883473792315107e-04 1.876287784769102812e-04 0.000000000000000000e+00 4.588805131683198975e-07 1.034327988854276002e-04 5.474180637346114792e-02 1.404440761032582814e-02 5.600631176257683615e-228 1.407570900807832322e-02 8.752032922237960033e-01 4.133397597908398946e-02
2.535927909175808103e-06 2.778172188439811750e-182 0.000000000000000000e+00 0.000000000000000000e+00 0.000000000000000000e+00 7.966797674078787694e-02 2.708471683052312076e-02 0.000000000000000000e+00 7.722706308099274233e-152 2.470147714458186330e-02 8.685432933561979540e-01
