9.077133194076539846e-01 1.110864057690923617e-28 0.000000000000000000e+00 0.000000000000000000e+00 0.000000000000000000e+00 0.000000000000000000e+00 0.000000000000000000e+00 0.000000000000000000e+00 0.000000000000000000e+00 1.836048574723598009e-178 9.228668059234605703e-02
1.511448008965315281e-29 9.177307080314612842e-01 6.184268573202648250e-02 9.726244062194631815e-04 2.531041193130574834e-03 0.000000000000000000e+00 4.091154710939540776e-05 9.962048691322204989e-11 7.946596119528721224e-272 0.000000000000000000e+00 1.688202899043235450e-02
0.000000000000000000e+00 6.420332500686536104e-02 9.305981601936647030e-01 2.637799733395800535e-05 5.006590023474030877e-03 0.000000000000000000e+00 9.871035482832319925e-05 6.683642383366248361e-05 0.000000000000000000e+00 0.000000000000000000e+00 0.000000000000000000e+00
0.000000000000000000e+00 5.048017505478435957e-05 1.318707059050290523e-06 9.170941390427722606e-01 9.710091569373725806e-03 0.000000000000000000e+00 2.711937219084430487e-02 4.557485991534248465e-02 3.245536562764167227e-04 1.251847432770951450e-04 0.000000000000000000e+00
0.000000000000000000e+00 5.956058178545678428e-04 1.134834602025071651e-03 4.402580992119049103e-02 8.910845375440746841e-01 2.181127378776560183e-03 5.630987854158719941e-02 2.365444216386356716e-03 8.517081625196764119e-05 2.217591161853257019e-03 0.000000000000000000e+00
0.000000000000000000e+00 0.000000000000000000e+00 0.000000000000000000e+00 0.000000000000000000e+00 1.632391841364744332e-03 9.954891907070776425e-01 0.000000000000000000e+00 0.000000000000000000e+00 2.878417451557526048e-03 0.000000000000000000e+00 0.000000000000000000e+00
0.000000000000000000e+00 3.392267956072680428e-06 7.883839636331015403e-06 4.332595948553765591e-02 1.984125412913095507e-02 0.000000000000000000e+00 8.756528346634568916e-01 6.108950616506254871e-02 7.916944921951328627e-05 2.603387202588976317e-223 0.000000000000000000e+00
0.000000000000000000e+00 6.200319292433981268e-12 4.006908458548043548e-06 5.465313108649498541e-02 6.256311835543597278e-04 0.000000000000000000e+00 4.585511236224106002e-02 8.921466599618314008e-01 1.485645345023300576e-03 5.229813146195917174e-03 0.000000000000000000e+00
0.000000000000000000e+00 1.552899411391142793e-272 0.000000000000000000e+00 1.222005052268903364e-03 7.072830918613674008e-05 3.193837821638103192e-03 1.865844991800312688e-04 4.664573455646858768e-03 9.906622708620800299e-01 9.638407149431654915e-62 0.000000000000000000e+00
2.228331346551271110e-181 0.000000000000000000e+00 0.000000000000000000e+00 2.151488451578574364e-05 8.405916459938294087e-05 0.000000000000000000e+00 2.800643461672920668e-224 7.495214796478593625e-04 4.399531067515193334e-63 9.990172291376441249e-01 1.276753335927165200e-04
7.226687490622812915e-05 9.716113811941899203e-05 0.000000000000000000e+00 0.000000000000000000e+00 0.000000000000000000e+00 0.000000000000000000e+00 0.000000000000000000e+00 0.000000000000000000e+00 0.000000000000000000e+00 8.237807658812325697e-05 9.997481939103862736e-01
